1.550766781557327617e-03 -8.014914707065169024e-07 1.380565883999148725e-10 -9.999960043163325096e-01 -3.578177362696692311e-09 8.531740512278141161e-13
1.464528722844548204e-03 -7.148412133098072968e-07 1.162880185905356384e-10 -9.999982067992509993e-01 -1.285225356865214117e-09 2.568407050012041044e-13
1.387380574628035816e-03 -6.415221776123624682e-07 9.886626032789358342e-11 -9.999970317393436225e-01 -2.349234050672391351e-09 4.972644974117889372e-13
1.314429084475874634e-03 -5.758217669459150749e-07 8.407225080813346724e-11 -1.000001845697210845e+00 1.954235831467619721e-09 -4.649167541455625008e-13
1.248541299137513518e-03 -5.195619757589868296e-07 7.206149520422163734e-11 -9.999956413890535023e-01 -3.340311011512930885e-09 6.651341525428605252e-13
1.192038141627397392e-03 -4.736047104909749104e-07 6.271587968327266375e-11 -9.999958715849327495e-01 -3.029533753471804765e-09 5.768073443765042173e-13
1.140429169942010429e-03 -4.334869112243077352e-07 5.491904216904627369e-11 -1.000004612111569324e+00 3.725591373461491808e-09 -7.287653499888873609e-13
1.090662393570682176e-03 -3.964739630515237753e-07 4.803667562714158913e-11 -9.999949569957445883e-01 -3.474739189955779594e-09 6.140831727155263296e-13
1.044926316479042683e-03 -3.639292883408345850e-07 4.224681492752084444e-11 -1.000004268989870271e+00 3.142879572790139096e-09 -5.619858803416796102e-13
1.005059284277665848e-03 -3.366910007273329052e-07 3.759407803890705217e-11 -1.000004355027635405e+00 3.068097726847509017e-09 -5.264090231535890029e-13
9.681230317800630517e-04 -3.124003130457243625e-07 3.360026328618857737e-11 -9.999906035696235485e-01 -5.929717333492974832e-09 9.457633084678680120e-13
9.320156595176589233e-04 -2.895292745830949789e-07 2.997835360923911211e-11 -9.999892593837298449e-01 -6.553516388967178333e-09 1.008529620939671610e-12
8.984217060047956912e-04 -2.690387075995368556e-07 2.685366445548044662e-11 -1.000008815837055254e+00 5.387457060602399719e-09 -8.146332410462692787e-13
8.672406484267104624e-04 -2.506857793954134206e-07 2.415295008094059753e-11 -9.999887395435850257e-01 -6.413279348464745964e-09 9.198271335915428209e-13
8.380841175370410887e-04 -2.341168597401522878e-07 2.179893146093808744e-11 -1.000014998121492749e+00 8.466642069025645297e-09 -1.188567386643620841e-12
8.108858336213681283e-04 -2.191661262684706651e-07 1.974427194361755210e-11 -9.999909276351973686e-01 -4.825380446479483617e-09 6.467316259035800528e-13
